# The phase lock's searches on the S26, 2026-09-30 12:19 to 12:31 (a tripod, this desk's 60.00 Hz monitor,
# LIZARD-512 painted 60, 8.33 ms of exposure): the receiver's registered frames through each search and 60 frames after,
# from the rig's stats rows (research/rig/stats.jsonl "series"; about one capture in six is not in it). A line a frame:
# ns on the camera's clock, verified blocks. "S": a search begins. "T": the display's refresh on that clock, ns, by
# folding every frame of 12:24 to 12:42 (45,573 of them): what a search should tell. tools/phasesim replays them.
T 16666719.8
S 12:19:33
65778907462004 0
65778924111796 0
65778940761379 0
65778957411171 0
65778974060962 0
65778990710754 0
65779008395962 0
65779025045754 0
65779041695546 0
65779058345129 0
65779074994921 0
65779091644712 0
65779108294504 0
65779125979712 0
65779142629504 0
65779159279296 0
65779175928879 0
65779192578671 56
65779209228462 0
65779225878254 1
65779309127004 61
65779326812212 0
65779343462004 0
65779360111796 0
65779376761379 0
65779393411171 0
65779410060962 0
65779426710754 0
65779444395962 1
65779461045754 1
65779477695546 1
65779494345129 1
65779510994921 1
65779527644712 1
65779544294504 1
65779561979712 15
65779578629504 15
65779595279296 14
65779611928879 11
65779628578671 9
65779645228462 8
65779661878254 8
65779679563462 27
65779696213254 28
65779712863046 29
65779729512629 29
65779746162421 27
65779762812212 25
65779779462004 25
65779797147212 60
65779813797004 42
65779830446796 40
65779913695546 38
65779930345129 35
65779946994921 37
65779963644712 37
65779981329921 46
65779997979712 45
65780014629504 45
65780031279296 47
65780047928879 46
65780064578671 48
65780081228462 48
65780098913671 50
65780115563462 49
65780132213254 48
65780148863046 48
65780165512629 49
65780182162421 48
65780198812212 47
65780216497421 51
65780233147212 51
65780249797004 50
65780283096379 51
65780299746171 53
65780316395962 50
65780333045754 49
65780350730962 49
65780367380754 50
65780384030546 54
65780400680129 56
65780417329921 49
65780433979712 49
65780450629504 49
65780567177629 55
65780584863046 56
65780601512629 50
65780618162421 51
65780634812212 55
65780651462004 57
65780668111796 51
65780684761379 50
65780702446796 58
65780719096379 54
65780735746171 49
65780752395962 51
65780769045754 48
65780785695546 49
65780802345129 49
65780820030546 46
65780836680129 46
65780853329921 58
65780869979712 52
65780886629504 45
65780903279296 44
65780936578671 43
65780954263879 35
65780970913671 34
65780987563462 37
65781004213254 37
65781020863046 37
65781037512629 38
65781054162421 42
65781071847629 59
65781088497421 20
65781105147212 54
65781205045754 23
65781221695546 25
65781238345129 26
65781254994921 27
65781272680129 1
65781289329921 1
65781305979712 1
65781322629504 53
65781339279296 1
65781355928879 1
65781372578671 1
65781390263879 0
65781406913671 0
65781423563462 0
65781440213254 1
65781456863046 1
65781473512629 58
65781490162421 1
65781507847629 55
65781524497421 0
65781541147212 0
65781557797004 0
65781574446796 0
65781591096379 0
65781607746171 0
65781625431379 0
65781642081171 1
65781658730962 59
65781675380754 0
65781692030546 0
65781708680129 0
65781725329921 0
65781741979712 0
65781858528046 1
65781876213254 61
65781892863046 1
65781909512629 60
65781926162421 0
65781942812212 0
65781959462004 0
65781976111796 0
65781992761379 0
65782010446796 0
65782027096379 0
65782043746171 0
65782060395962 0
65782077045754 0
65782093695546 0
65782110345129 0
65782128030546 1
65782144680129 1
65782161329921 1
65782177979712 1
65782194629504 1
65782211279296 57
65782227928879 1
65782245614296 59
65782262263879 20
65782278913671 20
65782295563462 18
65782312213254 20
65782328863046 16
65782345512629 16
65782363198046 32
65782379847629 32
65782446446796 29
65782463096379 55
65782479746171 29
65782496395962 32
65782513045754 33
65782529695546 31
65782547380754 43
65782564030546 38
65782580680129 37
65782597329921 39
65782613979712 36
65782630629504 37
65782647279296 40
65782664964504 60
65782681614296 47
65782698263879 49
65782714913671 49
65782731563462 48
65782748213254 49
65782764863046 60
65782782548254 55
65782799198046 48
65782815847629 48
65782832497421 48
65782849147212 50
65782865797004 50
65782882446796 49
65782900132004 54
65782916781796 51
65782933431379 50
65782950081171 52
65783083279296 48
65783099928879 50
65783116578671 49
65783133228462 53
65783150913671 53
65783167563462 53
65783184213254 52
65783200863046 51
65783217512629 46
65783234162421 47
65783250812212 49
65783283196171 49
65783299845962 50
65783316495546 49
65783333145337 47
65783349795129 50
65783366444921 51
65783383094712 54
65783399744296 53
65783416394087 50
65783433043879 50
65783449693671 48
65783466343462 49
65783482993046 50
65783499642837 50
65783516292629 51
65783532942421 50
65783549592212 51
65783566241796 51
65783582891587 53
65783599541379 51
65783616191171 49
65783632840962 47
65783749389087 46
65783766038879 49
65783782688671 47
65783799338462 52
65783815988046 50
65783832637837 50
65783849287629 50
65783865937421 50
65783882587212 49
65783899236796 49
65783915886587 49
65783932536379 48
65783949186171 48
65783965835962 51
65783982485546 52
65783999135337 50
65784015785129 53
65784032434921 48
65784049084712 48
65784065734296 45
65784082384087 49
65784099033879 51
65784115683671 51
65784132333462 49
65784148983046 51
65784165632837 52
65784182282629 52
65784198932421 51
65784215582212 50
65784232231796 49
S 12:20:16
65823641220129 0
65823657869712 0
65823674519504 0
65823691169296 0
65823707819087 0
65823724468879 0
65823742154087 0
65823758803671 0
65823775453462 0
65823792103254 0
65823808753046 0
65823825402837 0
65823843088046 0
65823859737837 0
65823876387629 0
65823893037212 0
65823909687004 0
65823926336796 0
65823942986587 0
65823960671796 0
65823977321587 0
65823993971379 0
65824010620962 0
65824027270754 0
65824043920546 0
65824127169296 0
65824144854504 1
65824161504296 1
65824178154087 1
65824194803879 1
65824211453462 1
65824228103254 1
65824244753046 1
65824262438254 17
65824279088046 17
65824295737837 17
65824312387629 19
65824329037212 18
65824345687004 17
65824362336796 16
65824380022004 33
65824396671796 34
65824413321587 34
65824429971379 33
65824446620962 33
65824463270754 33
65824479920546 30
65824497605754 38
65824514255546 43
65824530905337 42
65824547555129 42
65824564204712 42
65824580854504 44
65824597504296 46
65824615189504 51
65824631839296 50
65824731737837 47
65824748387629 47
65824765037212 48
65824781687004 48
65824799372212 52
65824816022004 50
65824832671796 51
65824849321587 51
65824865971379 52
65824882620962 53
65824899270754 54
65824916955962 54
65824933605754 52
65824950255546 49
65824966905337 46
65824983555129 47
65825000204712 48
65825016854504 50
65825034539712 50
65825051189504 50
65825067839296 50
65825084489087 50
65825101138879 46
65825117788462 49
65825134438254 50
65825152123462 52
65825168773254 59
65825185423046 56
65825202072837 53
65825218722421 52
65825235372212 45
65825252022004 48
65825368570337 47
65825385220129 50
65825402905337 51
65825419555129 51
65825436204712 48
65825452854504 52
65825469504296 51
65825486154087 47
65825503839296 37
65825520489087 41
65825537138879 45
65825553788462 43
65825570438254 40
65825587088046 50
65825603737837 49
65825621423046 33
65825638072837 33
65825654722421 37
65825671372212 34
65825688022004 29
65825704671796 30
65825721321587 31
65825739006796 12
65825755656587 11
65825772306379 15
65825788955962 23
65825805605754 22
65825822255546 25
65825838905337 22
65825856590546 1
65825873240337 1
65825889890129 1
65826039737837 1
65826056387629 1
65826073037212 1
65826089687004 1
65826107372212 0
65826124022004 1
65826140671796 0
65826157321587 0
65826173971171 0
65826190620962 0
65826207270754 0
65826224955962 0
65826241605754 0
65826258255546 0
65826274905337 0
65826291554921 0
65826308204712 0
65826325890129 0
65826342539712 0
65826359189504 0
65826375839296 0
65826392489087 0
65826409138879 0
65826425788462 0
65826443473671 0
65826460123462 0
65826510072837 0
65826526722629 0
65826543372212 0
65826561057629 1
65826577707212 1
65826677605754 0
65826694255546 0
65826710905337 0
65826727555129 0
65826745240337 3
65826761889921 3
65826778539712 2
65826795189504 2
65826811839296 1
65826828489087 2
65826845138671 2
65826862824087 25
65826879473879 27
65826896123462 25
65826912773254 23
65826929423046 22
65826946072837 22
65826963758046 35
65826980407837 33
65826997057421 34
65827013707212 35
65827030357004 36
65827047006796 36
65827063656587 36
65827081341796 48
65827097991587 48
65827114641379 48
65827147940754 44
65827164590546 45
65827181240337 39
65827198925546 49
65827215575337 50
65827315473879 41
65827332123462 45
65827348773254 44
65827365423046 45
65827383108254 51
65827399758046 48
65827416407837 48
65827433057629 48
65827449707212 49
65827466357004 50
65827483006796 50
65827500692004 52
65827517341796 55
65827533991587 54
65827550641379 55
65827567290962 57
65827583940754 62
65827600590546 53
65827618275754 51
65827634925546 49
65827651575337 52
65827668225129 53
65827701524504 59
65827718174296 53
65827734824087 59
65827752509296 59
65827769159087 51
65827785808879 48
65827802458462 49
65827819108254 50
65827835758046 50
65827852407837 50
65827869057629 49
65827985605754 52
65828003290962 48
65828019940754 47
65828036590546 41
65828053240337 37
65828069890129 43
65828086539712 58
65828103189504 55
65828120874712 56
65828137524504 47
65828154174296 47
65828170824087 46
65828187473671 42
65828204123462 38
65828220773254 40
65828238458462 24
65828255108254 26
65828271758046 28
65828288407837 27
65828305057629 33
65828321707212 35
65828338357004 31
65828356042212 1
65828372692004 1
65828389341796 5
65828405991587 3
65828422641171 2
65828439290962 2
65828467690962 53
65828484340754 54
65828500990546 51
65828517640129 54
65828650838254 48
65828667488046 51
65828684137629 51
65828700787421 50
65828717437212 52
65828734087004 52
65828750736796 55
65828767386379 57
65828784036171 56
65828800685962 55
65828817335754 54
65828833985546 53
65828850635129 51
65828867284921 49
65828883934712 50
65828900584504 52
65828917234296 54
65828933883879 55
65828950533671 55
65828967183462 54
65828983833254 55
65829000483046 53
65829017132629 52
65829033782421 52
65829050432212 50
65829067082004 51
65829083731796 51
65829100381379 54
65829117031171 50
65829133680962 50
65829150330754 49
65829166980546 50
65829283528671 47
65829300178462 53
65829316828254 48
65829333478046 46
65829351135962 50
65829367785754 49
65829384435546 49
65829401085129 47
65829417734921 46
65829434384712 44
65829451034504 42
65829467684296 41
65829484333879 48
65829500983671 50
65829517633462 51
65829534283254 42
65829550933046 50
S 12:21:11
65877294072004 48
65877310721796 0
65877393970546 0
65877410620337 0
65877427269921 0
65877443919712 0
65877461604921 1
65877478254712 1
65877494904504 1
65877511554296 1
65877528204087 1
65877544853671 1
65877562539087 14
65877579188879 10
65877595838462 56
65877612488254 11
65877629138046 52
65877645787837 7
65877662437421 46
65877680122837 25
65877696772629 57
65877713422212 26
65877730072004 24
65877746721796 59
65877763371587 25
65877780021379 55
65877797706587 36
65877814356379 50
65877831005962 34
65877847655754 48
65877864305546 34
65877880955337 55
65877897605129 39
65877915290337 47
65877931940129 59
65877948589712 44
65878031838462 50
65878048488254 44
65878065138046 53
65878081787837 47
65878099473046 51
65878116122837 60
65878132772629 40
65878149422212 55
65878166072004 34
65878182721796 49
65878199371587 35
65878217056796 50
65878233706587 53
65878250356379 58
65878267005962 58
65878283655754 52
65878300305546 60
65878316955337 51
65878334640546 53
65878351290337 45
65878367940129 49
65878384589712 50
65878401239504 57
65878417889296 50
65878434539087 54
65878452224296 55
65878468874087 56
65878485523879 55
65878502173462 45
65878518823254 48
65878535473046 45
65878635371587 51
65878652021379 52
65878668670962 52
65878686356379 50
65878703005962 45
65878719655754 47
65878736305546 52
65878752955337 46
65878769604921 55
65878786254712 57
65878803940129 56
65878820589712 54
65878837239504 55
65878853889296 52
65878870539087 56
65878887188879 53
65878903838462 58
65878921523671 36
65878938173462 35
65878954823254 56
65878971473046 38
65878988122837 54
65879004772629 46
65879021422212 58
65879039107629 28
65879072407004 19
65879089056796 54
65879105706587 24
65879122356379 21
65879139005962 55
65879155655754 34
65879272204087 18
65879289889296 61
65879306539087 1
65879323188879 57
65879339838462 1
65879356488254 1
65879373138046 1
65879389787837 1
65879407473046 1
65879424122837 0
65879440772421 0
65879457422212 0
65879474072004 0
65879490721796 1
65879508407004 0
65879525056796 0
65879541706587 0
65879558356379 0
65879575005962 0
65879591655754 0
65879608305546 0
65879625990754 0
65879642640546 0
65879659290337 0
65879675939921 0
65879692589712 0
65879709239504 0
65879725889296 0
65879743574504 0
65879760224296 0
65879776874087 1
65879793523879 49
65879810173462 1
65879926721796 1
65879944407004 55
65879961056796 1
65879977706587 54
65879994356379 0
65880011005962 1
65880027655754 59
65880044305546 1
65880061990754 56
65880078640546 1
65880095290337 47
65880111939921 1
65880128589712 49
65880145239504 1
65880161889296 1
65880179574504 59
65880196224296 21
65880212874087 58
65880229523879 17
65880246173462 54
65880262823254 16
65880279473046 49
65880297158254 31
65880313808046 62
65880330457837 33
65880347107629 34
65880363757212 53
65880380407004 34
65880397056796 52
65880414742004 41
65880431391796 51
65880448041587 30
65880514640546 62
65880531290337 38
65880547939921 57
65880564589712 45
65880582275129 55
65880598924712 45
65880615574504 58
65880632224296 44
65880648874087 54
65880665523879 43
65880682173462 38
65880699858879 55
65880716508462 50
65880733158254 55
65880749808046 49
65880766457837 57
65880783107629 46
65880799757212 54
65880817442629 55
65880834092212 58
65880850742004 49
65880867391796 48
65880884041587 55
65880900691379 46
65880917340962 52
65880935026379 51
65880951675962 54
65880968325754 51
65880984975546 56
65881001625337 55
65881018274921 59
65881034924712 52
65881134823254 51
65881151473046 54
65881169158254 56
65881185808046 52
65881202457837 48
65881219107629 56
65881235757212 56
65881252407004 47
65881269056796 53
65881286742004 51
65881303391796 51
65881320041587 48
65881336691379 53
65881353340962 56
65881369990754 59
65881386640546 52
65881404325754 58
65881420975546 45
65881437625337 39
65881454275129 50
65881470924712 44
65881487574504 52
65881504224296 47
65881533245546 61
65881549895337 49
65881566545129 44
65881583194712 47
65881599844504 59
65881616494296 50
65881633144087 48
65881649793671 44
65881666443462 47
65881749692212 58
65881766342004 49
65881782991796 55
65881799641587 49
65881816291379 57
65881832940962 47
65881849590754 46
65881866240546 57
65881882890337 47
65881899539921 52
65881916189712 42
65881932839504 54
65881949489296 51
65881966139087 56
65881982788879 52
65881999438462 53
65882016088254 47
65882032738046 57
65882049387837 42
65882066037421 49
65882082687212 57
65882099337004 42
65882115986796 49
65882132636587 38
65882149286379 52
65882165935962 46
65882182585754 59
65882199235546 49
65882215885337 50
65882232535129 60
65882249184712 50
65882265834504 61
65882365733046 64
65882382382837 49
65882399032421 50
65882415682212 59
65882432332004 50
65882448981796 63
65882465631587 46
65882482281379 55
65882498930962 43
65882515580754 56
65882532230546 48
S 12:21:46
65912280063671 21
65912296713462 49
65912313363046 25
65912330012837 59
65912346662629 23
65912363312421 19
65912380997629 35
65912397647421 34
65912414297212 36
65912430946796 37
65912447596587 39
65912464246379 33
65912597444296 24
65912614094087 34
65912631779296 43
65912648429087 46
65912665078879 63
65912681728671 37
65912698378462 55
65912715028046 34
65912731677837 58
65912749363046 47
65912766012837 43
65912782662629 47
65912799312421 51
65912815962212 56
65912832611796 43
65912849261587 58
65912866946796 51
65912883596587 50
65912900246379 50
65912916896171 43
65912933545962 43
65912950195546 50
65912966845337 50
65912984530546 46
65913001180337 50
65913017830129 55
65913051129712 49
65913067779296 50
65913084429087 51
65913102114296 51
65913118764087 38
65913218662629 57
65913235312421 45
65913251962212 50
65913268611796 51
65913286297212 51
65913302946796 48
65913319596587 37
65913336246379 42
65913352896171 46
65913369545962 49
65913386195546 54
65913403880962 49
65913420530546 46
65913437180337 45
65913453830129 50
65913470479921 41
65913487129712 47
65913503779296 43
65913521464712 56
65913538114296 44
65913554764087 34
65913588063671 35
65913604713462 49
65913621363046 53
65913638012837 43
65913655698046 22
65913672347837 51
65913688997629 22
65913705647421 26
65913722297212 27
65913738946796 24
65913755596587 26
65913772246379 27
65913872144921 26
65913889830129 1
65913906479921 1
65913923129712 2
65913939779296 2
65913956429087 51
65913973078879 5
65913989728671 3
65914007413879 1
65914024063671 1
65914040713462 1
65914057363046 59
65914074012837 1
65914090662629 1
65914107312421 1
65914124997629 1
65914141647421 55
65914158297212 0
65914174946796 1
65914191596587 0
65914208246379 0
65914224896171 56
65914242581379 0
65914259231171 0
65914275880962 0
65914292530546 0
65914309180337 0
65914325830129 1
65914342479921 0
65914360165129 0
65914376814921 49
65914393464712 1
65914526662629 0
65914543312421 1
65914559962212 0
65914576611796 0
65914594297212 58
65914610946796 0
65914627596587 0
65914644246379 0
65914660896171 0
65914677545962 0
65914694195546 1
65914711880962 55
65914728530546 1
65914745180337 1
65914761830129 1
65914778479921 54
65914795129712 1
65914811779296 1
65914829464712 52
65914846114296 11
65914862764087 50
65914879413879 10
65914896063671 11
65914912713462 56
65914929363046 9
65914947048462 26
65914980347837 53
65914996997629 25
65915013647421 24
65915030297212 25
65915046946796 25
65915063596587 27
65915130195546 29
65915147880962 30
65915164530546 51
65915181180337 30
65915197830129 51
65915214479921 30
65915231129712 36
65915247779296 38
65915265464712 64
65915282114296 46
65915298764087 53
65915315413879 39
65915332063671 58
65915348713462 41
65915365363046 54
65915383048462 46
65915399698046 43
65915416347837 59
65915432997629 45
65915449647421 59
65915466297212 36
65915482946796 48
65915500632212 51
65915517281796 54
65915533931587 49
65915550581379 48
65915583880962 51
65915600530546 51
65915618215962 54
65915634865546 46
65915651515337 49
65915668165129 49
65915768063671 48
65915784713462 56
65915801363046 55
65915818012837 53
65915835698046 57
65915852347837 51
65915868997629 48
65915885647421 51
65915902297212 51
65915918946796 46
65915935596587 46
65915952246379 50
65915969931587 49
65915986581379 58
65916003231171 55
65916019880962 58
65916036530546 53
65916053180337 46
65916069830129 48
65916087515337 44
65916104165129 54
65916120814921 47
65916137464712 39
65916154114296 54
65916170764087 50
65916187413879 43
65916205099087 36
65916221748879 34
65916238398671 31
65916255048462 28
65916271698046 28
65916288347837 33
65916388246379 40
65916405931587 17
65916422581379 18
65916439231171 25
65916455880962 22
65916472530546 23
65916489180337 60
65916505830129 25
65916523515337 1
65916540165129 57
65916556814921 56
65916573464712 1
65916590114296 1
65916606764087 1
65916623413879 1
65916641099087 1
65916657748879 0
65916674398671 0
65916691048462 0
65916707698046 1
65916724347837 0
65916740997629 0
65916758682837 1
65916775332629 47
65916791982421 0
65916808632212 0
65916841931587 0
65916858581379 0
65916876266587 0
65916892916379 1
65916909566171 53
65916926215962 0
65917026114296 1
65917042764087 0
65917059413879 0
65917076063671 0
65917093748879 54
65917110398671 1
65917127048462 46
65917143698046 1
65917160347837 52
65917176997629 1
65917193647421 59
65917218112421 52
65917234762212 51
65917251412004 50
65917268061587 51
65917284711379 44
65917301361171 51
65917318010962 54
65917334660754 50
65917351310337 45
65917367960129 49
65917384609921 55
65917401259712 48
65917417909504 57
65917434559087 49
65917451208879 47
65917467858671 52
65917484508462 53
65917501158254 56
65917517807837 55
65917534457629 56
65917551107421 48
65917567757212 47
65917651005962 49
65917667655754 57
65917684305337 55
65917700955129 45
65917717604921 48
65917734254712 47
65917750904504 46
65917767554087 48
65917784203879 51
65917800853671 55
65917817503462 55
65917834153254 49
65917850802837 51
65917867452629 58
65917884102421 52
65917900752212 57
65917918399296 55
65917935049087 60
65917951698879 55
65917968348462 58
65917984998254 53
65918001648046 57
65918018297837 54
65918034947629 59
65918051597212 52
65918068247004 55
65918084896796 45
65918101546587 47
65918118196171 44
65918134845962 45
S 12:23:14
66000711714504 0
66000728364296 0
66000745014087 0
66000761663879 0
66000778313671 54
66000794963254 1
66000812648671 60
66000829298254 1
66000845948046 1
66000862597837 1
66000879247629 1
66000895897421 1
66000912547004 1
66000930232421 20
66000946882004 18
66000963531796 58
66000980181587 18
66000996831379 52
66001013481171 18
66001030130754 54
66001047816171 31
66001064465754 29
66001081115546 29
66001097765337 31
66001114415129 29
66001131064921 55
66001147714504 33
66001247613046 29
66001265298254 54
66001281948046 36
66001298597837 36
66001315247629 36
66001331897421 37
66001348547004 42
66001365196796 37
66001382882004 46
66001399531796 59
66001416181587 46
66001432831379 45
66001449481171 39
66001466130754 45
66001482780546 45
66001500465754 50
66001517115546 52
66001533765337 46
66001550415129 45
66001567064921 45
66001583714504 50
66001600364296 48
66001618049504 58
66001634699296 52
66001651349087 54
66001667998879 49
66001684648671 45
66001701298254 43
66001717948046 56
66001735633254 52
66001752283046 54
66001768932837 52
66001902130754 52
66001918780546 57
66001935430337 49
66001952080129 51
66001969765337 50
66001986415129 53
66002003064921 50
66002019714504 56
66002036364296 55
66002053014087 57
66002069663879 51
66002087349087 54
66002103998879 46
66002120648671 43
66002137298254 46
66002153948046 48
66002170597837 45
66002187247629 57
66002204932837 58
66002221582629 40
66002238232421 40
66002254882004 40
66002271531796 37
66002288181587 55
66002304831379 55
66002339166379 38
66002355816171 55
66002372465754 33
66002389115546 54
66002405765337 43
66002422415129 32
66002538963254 33
66002555613046 53
66002573298254 21
66002589948046 58
66002606597837 21
66002623247629 56
66002639897421 28
66002656547004 57
66002673196796 28
66002690882004 1
66002707531796 1
66002724181587 1
66002740831379 1
66002757481171 1
66002774130754 1
66002790780546 1
66002808465754 0
66002825115546 0
66002841765337 51
66002858415129 1
66002875064921 53
66002891714504 1
66002908364296 0
66002926049504 0
66002942699296 0
66002959349087 0
66002975998879 0
66002992648671 0
66003009298254 0
66003025948046 54
66003043633254 1
66003060283046 0
66003076932837 0
66003210130754 48
66003226780546 1
66003243430337 0
66003260080129 0
66003277765337 0
66003294415129 0
66003311064921 0
66003327714504 53
66003344364296 1
66003361014087 56
66003377663879 1
66003395349087 1
66003411998879 1
66003428648671 1
66003445298254 1
66003461948046 1
66003478597837 1
66003495247629 0
66003512932837 56
66003529582629 8
66003546232421 51
66003562882004 3
66003579531796 1
66003596181587 2
66003612831379 1
66003630516587 25
66003647166379 24
66003663816171 52
66003680465754 19
66003697115546 51
66003713765337 22
66003730415129 22
66003846963254 49
66003863613046 21
66003880262837 52
66003896912629 18
66003914597837 34
66003931247629 33
66003947897421 34
66003964547004 28
66003981196796 25
66003997846587 28
66004014496379 28
66004032181587 56
66004048831379 38
66004065481171 44
66004082130754 46
66004098780546 44
66004115430337 43
66004132080129 61
66004149765337 49
66004166415129 48
66004183064921 47
66004199714504 47
66004216364296 56
66004233014087 47
66004249663879 45
66004267349087 49
66004300648671 57
66004317298254 51
66004333948046 59
66004350597837 52
66004367247629 61
66004500445546 51
66004518130754 47
66004534780546 48
66004551430337 47
66004568080129 47
66004584729921 51
66004601379504 56
66004618029296 58
66004635714504 53
66004652364296 51
66004669014087 58
66004685663879 62
66004702313671 54
66004718963254 57
66004735613046 58
66004753298254 49
66004769948046 49
66004786597837 52
66004803247629 56
66004819897421 49
66004836547004 52
66004853196796 50
66004870882004 55
66004887531796 49
66004904181587 56
66004920831379 57
66004937481171 48
66004970780546 39
66004988465754 53
66005005115546 43
66005021765337 37
66005038415129 38
66005154963254 59
66005171613046 51
66005188262837 55
66005204912629 47
66005222597837 33
66005239247629 32
66005255897421 33
66005272547004 58
66005289196796 43
66005305846587 33
66005322496379 55
66005340181587 17
66005356831379 63
66005373481171 17
66005390130754 17
66005406780546 11
66005423430337 13
66005440080129 60
66005457765337 1
66005474415129 1
66005491064921 1
66005507714504 52
66005524364296 1
66005541014087 1
66005557663879 1
66005574313671 1
66005608648671 63
66005625298254 0
66005641948046 0
66005658597837 0
66005675247629 0
66005691897421 0
66005841745129 0
66005859430337 1
66005876080129 59
66005892729921 63
66005909379504 1
66005926029296 1
66005942679087 0
66005959328879 57
66005977014087 0
66005993663879 0
66006010313671 1
66006026963254 56
66006043613046 0
66006060262837 1
66006076912629 0
66006094597837 0
66006111247629 0
66006127897421 0
66006144547004 58
66006161196796 0
66006177846587 1
66006194496379 58
66006211146171 0
66006228831379 1
66006245481171 1
66006262130754 1
66006278780546 1
66006295430337 1
66006312080129 57
66006328729921 1
66006346415129 59
66006363064921 9
66006379714504 59
66006396364296 8
66006479613046 54
66006496262837 3
66006512912629 52
66006529562421 4
66006547247629 26
66006563897421 24
66006597196796 24
66006613846587 23
66006630496379 22
66006647146171 22
66006664831379 59
66006681481171 38
66006698130754 35
66006714780546 36
66006731430337 35
66006748080129 56
66006765765337 46
66006782415129 61
66006799064921 46
66006815714504 44
66006832364296 46
66006849014087 47
66006865663879 47
66006885365546 52
66006902015337 48
66006918665129 47
66006935314921 49
66006951964504 47
66006968614296 48
66006985264087 54
66007001913879 60
66007118462004 42
66007135111796 45
66007151761587 49
66007168411379 45
66007185061171 49
66007201710754 53
66007218360546 53
66007235010337 51
66007251660129 54
66007268309921 52
66007284959504 56
66007301609296 56
66007318259087 56
66007334908879 51
66007351558671 54
66007368208254 48
66007384858046 55
66007401507837 51
66007418157629 58
66007434807421 54
66007451457004 59
66007468106796 53
66007484756587 51
66007501406379 49
66007518056171 48
66007534705754 51
66007551355546 51
66007568005337 49
66007584655129 47
66007601304921 56
66007617954504 54
66007634604296 62
66007767802421 49
66007784452004 52
66007801101796 51
66007817751587 56
66007834401379 49
66007851051171 56
66007867700754 49
66007885397004 56
66007902046796 49
66007918696379 51
66007935346171 51
66007951995962 54
S 12:28:16
66303445990337 0
66303479289712 1
66303495939504 0
66303546924296 0
66303596873462 0
66303613523254 1
66303630173046 1
66303646822837 55
66303664508046 13
66303681157837 13
66303714457212 53
66303731107004 10
66303747756796 13
66303764406587 13
66303782091796 29
66303798741587 28
66303815391379 29
66303832040962 29
66303848690754 27
66303865340546 27
66303899675546 36
66303916325337 36
66303932975129 37
66303966274504 37
66303982924296 59
66303999574087 38
66304017259296 49
66304033909087 59
66304050558879 44
66304067208462 43
66304083858254 41
66304100508046 43
66304117157837 47
66304134843046 57
66304151492837 59
66304168142629 48
66304184792212 49
66304201442004 49
66304218091796 48
66304234741587 50
66304252426796 50
66304269076587 51
66304302376171 51
66304319025754 54
66304370010546 57
66304386660337 62
66304436609504 51
66304453259296 48
66304469909087 49
66304486558879 51
66304504244087 52
66304537543462 48
66304554193254 54
66304570843046 56
66304587492837 50
66304604142629 56
66304621827837 53
66304655127212 42
66304671777004 47
66304688426796 47
66304705076587 48
66304721726379 47
66304739411587 42
66304772710962 43
66304789360754 42
66304806010546 39
66304822660337 40
66304856995337 59
66304890294712 33
66304906944504 31
66304940244087 56
66304956893879 36
66305006843046 35
66305024528254 57
66305041178046 11
66305057827837 53
66305074477629 16
66305091127212 14
66305107777004 17
66305124426796 17
66305142112004 1
66305242010546 1
66305259695754 52
66305276345546 1
66305292995337 0
66305342944504 0
66305377279504 0
66305393929296 0
66305410579087 0
66305427228879 1
66305443878462 0
66305460528254 0
66305478213462 55
66305494863254 0
66305511513046 0
66305528162837 1
66305578112004 0
66305594761796 1
66305645746587 0
66305679046171 0
66305695695754 0
66305712345546 0
66305728995337 0
66305745645129 0
66305796629712 1
66305880914087 10
66305897563879 7
66305914213462 7
66305930863254 6
66305947513046 6
66305964162837 5
66305980812629 55
66305998497837 24
66306015147629 23
66306031797212 22
66306048447004 21
66306065096796 22
66306081746587 24
66306098396379 24
66306116081587 35
66306132731379 35
66306149380962 32
66306166030754 33
66306182680546 34
66306199330337 35
66306215980129 33
66306233665337 45
66306250315129 43
66306283614504 40
66306300264296 43
66306316914087 45
66306384548671 43
66306401198254 50
66306417848046 48
66306434497837 49
66306451147629 50
66306468832837 52
66306485482629 47
66306502132212 51
66306518782004 53
66306552081587 52
66306568731379 51
66306586416587 52
66306603066379 50
66306619715962 51
66306719614504 55
66306769460337 52
66306836059296 56
66306852709087 50
66306886008462 51
66306952607421 52
66306969257212 51
66306985907004 50
66307035856171 57
66307052505962 57
66307069155754 51
66307085805546 57
66307102455337 50
66307119104921 52
66307135754712 46
66307152404504 47
66307169054296 51
66307219003462 50
66307268952837 48
66307285602421 48
66307302252212 53
66307352201587 46
66307368851171 46
66307385500962 46
66307435450337 60
66307452099921 47
66307468749712 46
66307485399504 49
66307518699087 51
66307535348671 51
66307551998462 50
66307568648254 51
66307585298046 54
66307601947837 49
S 12:29:01
66347267799921 39
66347284449712 43
66347301099296 40
66347334398879 38
66347351048671 37
66347368733879 45
66347385383671 38
66347402033462 42
66347418683046 34
66347435332837 36
66347518581587 48
66347536266796 45
66347552916587 52
66347569566379 48
66347619515546 43
66347636165337 47
66347653850546 38
66347670500337 33
66347687150129 38
66347703799921 49
66347720449712 50
66347737099296 47
66347753749087 49
66347771434296 45
66347788084087 36
66347804733879 46
66347821383671 33
66347838033462 39
66347854683046 42
66347871332837 52
66347889018046 43
66347905667837 38
66347922317629 36
66347938967421 53
66347972266796 35
66347988916587 41
66348006601796 29
66348023251587 30
66348039901379 29
66348056551171 27
66348106500337 31
66348123150129 49
66348139799921 28
66348157485129 21
66348190784712 52
66348207434296 25
66348240733879 15
66348257383671 19
66348275068879 47
66348291718671 1
66348308368462 0
66348325018046 6
66348341667837 51
66348358317629 7
66348374967421 2
66348392652629 0
66348409302421 58
66348425952212 1
66348442601796 0
66348459251587 42
66348475901379 1
66348492551171 37
66348510236379 1
66348543535962 1
66348560185546 54
66348576835337 1
66348593485129 55
66348676733879 47
66348694419087 1
66348711068879 49
66348727718671 1
66348744368462 42
66348761018046 1
66348777667837 52
66348794317629 1
66348812002837 0
66348828652629 0
66348845302421 0
66348861952212 0
66348878601796 0
66348895251587 0
66348911901379 0
66348929586587 38
66348946236379 1
66348962886171 0
66348979535962 0
66348996185546 52
66349012835337 1
66349029485129 0
66349047170337 0
66349063820129 0
66349080469921 50
66349097119712 1
66349113769296 53
66349130419087 1
66349147068879 0
66349164754087 12
66349181403879 12
66349198053671 12
66349214703462 14
66349297952212 10
66349314601796 9
66349331251587 9
66349347901379 9
66349365586587 28
66349382236379 25
66349398886171 25
66349415535962 23
66349432185546 22
66349448835337 21
66349465485129 25
66349483170337 32
66349499820129 30
66349516469921 31
66349533119712 33
66349549769296 31
66349566419087 34
66349583068879 55
66349600754087 37
66349617403879 40
66349634053671 55
66349650703462 41
66349667353046 54
66349684002837 40
66349700652629 52
66349734987629 52
66349751637421 45
66349768287212 55
66349784936796 46
66349801586587 51
66349818236379 45
66349918134921 40
66349935820129 48
66349952469921 55
66349969119712 49
66349985769296 51
66350002419087 46
66350019068879 42
66350035718671 41
66350053403879 46
66350070053671 44
66350086703462 47
66350103353046 49
66350120002837 51
66350136652629 52
66350153302421 47
66350170987629 50
66350187637421 49
66350204287212 50
66350220936796 50
66350237586587 49
66350254236379 51
66350270886171 52
66350288571379 52
66350305221171 48
66350321870962 47
66350338520546 49
66350355170337 47
66350371820129 50
66350388469921 49
66350406155129 45
66350422804921 36
66350439454712 45
66350456104296 37
66350539353046 34
66350556002837 49
66350572652629 45
66350590337837 52
66350606987629 32
66350623637421 32
66350640287212 33
66350656936796 31
66350673586587 30
66350690236379 31
66350707921587 16
66350724571379 19
66350741221171 22
66350757870962 17
66350774520546 53
66350791170337 22
66350807820129 18
66350825505337 0
66350842155129 51
66350858804921 1
66350875454712 46
66350892104296 1
66350908754087 49
66350925403879 1
66350943089087 54
66350959738879 1
66350976388671 51
66350993038462 1
66351009688046 49
66351026337837 1
66351042987629 0
66351059637421 0
66351176185546 1
66351193870962 0
66351210520546 0
66351227170337 0
66351243820129 56
66351260469921 1
66351277119712 0
66351293769296 0
66351311454712 53
66351328104296 1
66351344754087 0
66351361403879 0
66351378053671 0
66351394703462 0
66351412388671 0
66351429038462 55
66351445688046 1
66351462337837 0
66351478987629 0
66351495637421 0
66351512287212 0
66351529972421 0
66351546622212 0
66351563271796 0
66351579921587 0
66351596571379 0
66351613221171 0
66351630906379 2
66351647556171 1
66351664205962 1
66351680855546 1
66351697505337 0
66351764104296 0
66351780754087 0
66351797403879 0
66351815089087 16
66351831738879 18
66351848388671 17
66351865038462 15
66351881688046 15
66351898337837 16
66351914987629 16
66351936869296 51
66351953519087 49
66351970168879 45
66351986818671 46
66352003468462 46
66352020118046 47
66352036767837 48
66352053417629 52
66352070067421 46
66352086717212 50
66352103366796 53
66352120016587 47
66352136666379 50
66352153316171 48
66352169965962 51
66352186615546 49
66352203265337 52
66352219915129 47
66352236564921 50
66352253214712 51
66352269864296 48
66352286514087 52
66352303163879 45
66352369762837 43
66352386412629 48
66352403062421 48
66352419712212 52
66352436361796 56
66352453011587 53
66352469661379 51
66352486311171 45
66352502960962 49
66352519610546 46
66352536260337 54
66352552910129 46
66352569559921 47
66352586209712 45
66352602859296 52
66352619509087 45
66352636158879 50
66352652808671 54
66352669458462 47
66352686108046 52
66352702757837 49
66352719407629 56
66352737060129 53
66352753709921 53
66352770359712 51
66352787009504 52
66352803659087 48
66352820308879 52
66352836958671 49
S 12:29:45
66391794065546 0
66391827364921 40
66391844014712 0
66391860664504 0
66391878349712 44
66391894999504 43
66391911649296 0
66391928299087 0
66391944948671 53
66391961598462 52
66391978248254 0
66391995933462 50
66392012583254 45
66392029233046 0
66392045882837 0
66392062532421 0
66392079182212 0
66392095832004 0
66392113517212 0
66392130167004 0
66392146816796 0
66392163466587 0
66392180116171 0
66392230065546 0
66392246715337 0
66392264400546 46
66392281050337 4
66392297699921 0
66392314349712 0
66392330999504 0
66392347649296 0
66392364299087 0
66392381984296 20
66392398634087 50
66392415283671 58
66392431933462 17
66392448583254 18
66392465233046 48
66392481882837 15
66392499568046 27
66392516217837 46
66392532867421 26
66392549517212 27
66392566167004 49
66392582816796 28
66392599466587 29
66392617151796 39
66392633801587 36
66392650451171 29
66392667100962 31
66392700400546 33
66392717050337 33
66392734735546 37
66392751385337 43
66392834634087 36
66392851283671 42
66392867933462 39
66392884583254 37
66392902268462 46
66392918918254 56
66392935568046 47
66392952217837 52
66392968867421 39
66392985517212 47
66393002167004 43
66393019852212 45
66393036502004 43
66393053151796 46
66393069801587 50
66393086451171 50
66393103100962 47
66393119750754 45
66393137435962 41
66393154085754 44
66393170735546 41
66393187385337 44
66393204034921 47
66393220684712 52
66393237334504 46
66393255019712 44
66393271669504 50
66393288319296 50
66393304969087 48
66393321618671 48
66393338268462 49
66393354918254 37
66393438167004 43
66393455852212 37
66393489151796 40
66393505801587 38
66393522451171 42
66393539100962 47
66393555750754 46
66393573435962 38
66393623385337 41
66393640034921 30
66393656684712 26
66393673334504 25
66393691019712 15
66393707669504 15
66393724319296 45
66393740969087 28
66393757618671 50
66393774268462 26
66393790918254 55
66393808603462 2
66393825253254 49
66393841903046 1
66393858552837 43
66393875202421 2
66393891852212 44
66393908502004 1
66393926187212 0
66393942837004 1
66393959486796 0
66394042735546 1
66394076034921 0
66394092684712 38
66394110369921 0
66394127019712 1
66394143669504 44
66394160319296 0
66394176969087 49
66394193618671 41
66394210268462 1
66394227953671 1
66394244603462 61
66394277903046 0
66394294552837 0
66394311202421 43
66394327852212 0
66394345537421 50
66394362187212 1
66394378837004 39
66394412136587 48
66394428786171 1
66394445435962 0
66394479770962 48
66394496420754 1
66394513070546 0
66394529720337 0
66394546369921 44
66394612969087 0
66394629618671 48
66394646268462 0
66394663953671 50
66394680603462 0
66394697253254 0
66394713903046 0
66394747202421 0
66394763852212 0
66394781537421 9
66394798187212 12
66394814837004 8
66394831486796 9
66394848136587 8
66394864786171 8
66394881435962 8
66394899121171 23
66394915770962 26
66394932420754 24
66394949070546 15
66394965720337 11
66394982369921 24
66394999019712 21
66395016704921 24
66395033354712 21
66395050004504 32
66395066654296 31
66395083304087 34
66395099953671 27
66395117639087 32
66395134288671 37
66395150938462 32
66395200887837 35
66395217537421 28
66395250837004 40
66395268522212 39
66395285172004 42
66395301821796 35
66395318471587 36
66395335121171 39
66395351770962 36
66395368420754 36
66395386105962 35
66395402755754 43
66395419405546 35
66395436055337 38
66395452704921 47
66395469354712 43
66395486004504 45
66395503689712 32
66395520339504 37
66395536989296 37
66395553639087 36
66395570288671 35
66395586938462 44
66395603588254 41
66395621273462 41
66395637923254 45
66395654573046 44
66395687872421 43
66395704522212 36
66395721172004 45
66395737821796 45
66395804420754 48
66395822105962 32
66395838755754 43
66395855405546 44
66395888704921 34
66395905354712 37
66395922004504 31
66395939689712 44
66395956339504 34
66395972989296 33
66395989639087 41
66396006288671 35
66396022938462 37
66396039588254 34
66396057273462 29
66396073923254 46
66396090573046 31
66396107222837 23
66396123872421 25
66396140522212 24
66396157172004 27
66396173821796 27
66396191507004 47
66396208156796 14
66396224806587 15
66396258105962 49
66396274755754 8
66396291405546 12
66396321271587 53
66396421169921 32
66396437819712 48
66396454469504 52
66396471119296 46
66396487769087 46
66396504418671 48
66396521068462 44
66396537718254 40
66396554368046 44
66396571017837 50
66396587667421 33
66396604317212 32
66396620967004 39
66396637616796 50
66396654266587 50
66396670916171 41
66396687565962 44
66396704215754 48
66396720865546 48
66396737515337 40
66396770814712 51
66396787464504 32
66396820764087 35
66396837413671 43
66396854063462 48
66396871710546 39
66396888360337 34
66396905010129 33
66396921659921 46
66396938309712 46
66397004908671 31
66397038208046 46
66397054857837 38
66397088157421 36
66397104807212 36
66397121456796 53
66397138106587 47
66397154756379 42
66397171406171 51
66397188055962 49
66397204705546 42
66397238005129 42
66397254654921 44
66397271304712 38
66397287954296 27
S 12:30:29
66436056463879 36
66436073113671 31
66436089763462 28
66436173012212 26
66436189662004 37
66436206311796 32
66436223997004 27
66436240646796 29
66436257296379 27
66436273946171 25
66436290595962 22
66436307245754 33
66436323895546 33
66436341580754 15
66436358230546 10
66436374880129 14
66436391529921 20
66436408179712 16
66436424829504 12
66436441479296 21
66436459164504 0
66436475814296 1
66436492463879 1
66436509113671 52
66436525763462 1
66436542413254 41
66436559063046 1
66436576748254 0
66436593398046 0
66436610047629 0
66436626697421 0
66436643347212 53
66436659997004 0
66436676646796 1
66436776545129 1
66436794230546 0
66436810880129 0
66436827529921 0
66436844179712 0
66436860829504 0
66436877479296 0
66436894128879 0
66436911814296 0
66436928463879 0
66436945113671 0
66436961763462 0
66436978413254 0
66436995063046 0
66437029398046 0
66437046047629 0
66437062697421 0
66437079347212 0
66437095997004 0
66437112646796 0
66437129296379 0
66437146981796 0
66437163631379 0
66437180281171 0
66437196930962 0
66437230230546 0
66437247915754 0
66437264565546 1
66437331164504 0
66437347814296 0
66437364463879 0
66437382149296 20
66437398798879 16
66437415448671 16
66437432098462 17
66437448748254 14
66437465398046 12
66437482047629 11
66437499733046 26
66437516382629 31
66437533032421 24
66437549682212 27
66437566332004 22
66437582981796 29
66437599631379 24
66437617316796 35
66437633966379 34
66437650616171 35
66437667265962 25
66437700565546 30
66437717215129 37
66437734900546 41
66437751550129 37
66437768199921 37
66437784849712 36
66437801499504 42
66437818149296 37
66437834798879 38
66437852484296 44
66437869133879 34
66437919083254 42
66437935733046 43
66437969032421 44
66437986717629 48
66438003367421 48
66438036667004 42
66438053316796 40
66438069966379 31
66438087651796 40
66438104301379 40
66438120951171 50
66438137600962 48
66438154250754 42
66438187550129 49
66438205235546 43
66438221885129 36
66438238534921 35
66438255184712 42
66438271834504 44
66438288484296 35
66438305133879 35
66438322819296 40
66438339468879 39
66438356118671 30
66438372768462 34
66438389418254 36
66438406068046 36
66438422717629 28
66438440403046 26
66438457052629 31
66438523651796 30
66438540301379 34
66438556951171 32
66438591286171 16
66438607935962 17
66438624585754 20
66438641235546 16
66438657885129 48
66438674534921 26
66438692220129 1
66438708869921 2
66438725519712 2
66438742169504 1
66438758819296 2
66438792118671 4
66438809803879 0
66438826453671 0
66438843103462 0
66438859753254 0
66438876403046 0
66438893052629 0
66438909702421 0
66438944037421 0
66438960687212 0
66438977337004 0
66438993986796 0
66439010636379 0
66439093885129 0
66439110534921 0
66439128220129 0
66439144869921 0
66439178169504 0
66439194819296 0
66439211468879 0
66439229154296 0
66439245803879 0
66439262453671 0
66439279103462 0
66439295753254 0
66439312403046 0
66439329052629 0
66439346738046 0
66439380037421 0
66439396687212 0
66439413337004 0
66439429986796 0
66439446636379 0
66439470158671 39
66439486808462 45
66439503458254 45
66439520107837 45
66439536757629 41
66439553407421 46
66439570057212 47
66439586707004 43
66439603356587 45
66439620006379 45
66439636656171 44
66439653305962 39
66439669955754 44
66439686605337 44
66439703255129 48
66439719904921 49
66439736554712 47
66439753204504 43
66439769854087 43
66439786503879 44
66439803153671 45
66439819803462 46
66439836453254 48
66439853102837 43
66439869752629 47
66439886402421 49
66439903052212 47
66439919702004 49
66439936351587 46
66439953001379 48
66439969651171 51
66439986300962 47
66440002950754 46
66440019600337 45
66440036250129 46
66440052899921 52
66440069549712 58
66440086199504 48
66440102849087 49
66440119498879 49
66440136148671 48
66440152798462 49
66440236047212 44
66440252697004 51
66440269346587 43
66440285996379 44
66440302646171 46
66440319295962 42
66440335945754 46
66440352595337 48
66440369245129 45
66440385894921 45
